{
 "cells": [
  {
   "cell_type": "markdown",
   "metadata": {},
   "source": [
    "# Solar System major bodies"
   ]
  },
  {
   "cell_type": "code",
   "execution_count": 202,
   "metadata": {},
   "outputs": [],
   "source": [
    "import numpy as np \n",
    "import pandas as pd\n",
    "import seaborn as sns\n",
    "import matplotlib.pyplot as plt \n",
    "import plotly.express as px \n",
    "\n",
    "sns.set(font_scale = 0.7)"
   ]
  },
  {
   "cell_type": "code",
   "execution_count": 203,
   "metadata": {},
   "outputs": [
    {
     "data": {
      "text/html": [
       "<div>\n",
       "<style scoped>\n",
       "    .dataframe tbody tr th:only-of-type {\n",
       "        vertical-align: middle;\n",
       "    }\n",
       "\n",
       "    .dataframe tbody tr th {\n",
       "        vertical-align: top;\n",
       "    }\n",
       "\n",
       "    .dataframe thead th {\n",
       "        text-align: right;\n",
       "    }\n",
       "</style>\n",
       "<table border=\"1\" class=\"dataframe\">\n",
       "  <thead>\n",
       "    <tr style=\"text-align: right;\">\n",
       "      <th></th>\n",
       "      <th>eName</th>\n",
       "      <th>isPlanet</th>\n",
       "      <th>semimajorAxis</th>\n",
       "      <th>perihelion</th>\n",
       "      <th>aphelion</th>\n",
       "      <th>eccentricity</th>\n",
       "      <th>inclination</th>\n",
       "      <th>density</th>\n",
       "      <th>gravity</th>\n",
       "      <th>escape</th>\n",
       "      <th>...</th>\n",
       "      <th>orbits</th>\n",
       "      <th>bondAlbido</th>\n",
       "      <th>geomAlbido</th>\n",
       "      <th>RV_abs</th>\n",
       "      <th>p_transit</th>\n",
       "      <th>transit_visibility</th>\n",
       "      <th>transit_depth</th>\n",
       "      <th>massj</th>\n",
       "      <th>semimajorAxis_AU</th>\n",
       "      <th>grav_int</th>\n",
       "    </tr>\n",
       "  </thead>\n",
       "  <tbody>\n",
       "    <tr>\n",
       "      <th>0</th>\n",
       "      <td>Moon</td>\n",
       "      <td>False</td>\n",
       "      <td>384400</td>\n",
       "      <td>363300</td>\n",
       "      <td>405500</td>\n",
       "      <td>0.0549</td>\n",
       "      <td>5.145</td>\n",
       "      <td>3.344</td>\n",
       "      <td>1.6200</td>\n",
       "      <td>2380.000</td>\n",
       "      <td>...</td>\n",
       "      <td>Earth</td>\n",
       "      <td>NaN</td>\n",
       "      <td>NaN</td>\n",
       "      <td>NaN</td>\n",
       "      <td>1.811589</td>\n",
       "      <td>326.086108</td>\n",
       "      <td>2.245860e-09</td>\n",
       "      <td>3.868421e-05</td>\n",
       "      <td>0.002570</td>\n",
       "      <td>6.606324e+25</td>\n",
       "    </tr>\n",
       "    <tr>\n",
       "      <th>1</th>\n",
       "      <td>Phobos</td>\n",
       "      <td>False</td>\n",
       "      <td>9376</td>\n",
       "      <td>9234</td>\n",
       "      <td>9518</td>\n",
       "      <td>0.0151</td>\n",
       "      <td>1.075</td>\n",
       "      <td>1.900</td>\n",
       "      <td>0.0057</td>\n",
       "      <td>11.390</td>\n",
       "      <td>...</td>\n",
       "      <td>Mars</td>\n",
       "      <td>NaN</td>\n",
       "      <td>NaN</td>\n",
       "      <td>NaN</td>\n",
       "      <td>74.272078</td>\n",
       "      <td>13368.973976</td>\n",
       "      <td>2.245860e-09</td>\n",
       "      <td>5.578947e-12</td>\n",
       "      <td>0.000063</td>\n",
       "      <td>1.601437e+22</td>\n",
       "    </tr>\n",
       "    <tr>\n",
       "      <th>2</th>\n",
       "      <td>Deimos</td>\n",
       "      <td>False</td>\n",
       "      <td>23458</td>\n",
       "      <td>23456</td>\n",
       "      <td>23471</td>\n",
       "      <td>0.0002</td>\n",
       "      <td>1.075</td>\n",
       "      <td>1.750</td>\n",
       "      <td>0.0030</td>\n",
       "      <td>5.556</td>\n",
       "      <td>...</td>\n",
       "      <td>Mars</td>\n",
       "      <td>NaN</td>\n",
       "      <td>NaN</td>\n",
       "      <td>NaN</td>\n",
       "      <td>29.686035</td>\n",
       "      <td>5343.486231</td>\n",
       "      <td>2.245860e-09</td>\n",
       "      <td>1.263158e-12</td>\n",
       "      <td>0.000157</td>\n",
       "      <td>5.792534e+20</td>\n",
       "    </tr>\n",
       "    <tr>\n",
       "      <th>3</th>\n",
       "      <td>Io</td>\n",
       "      <td>False</td>\n",
       "      <td>421800</td>\n",
       "      <td>0</td>\n",
       "      <td>0</td>\n",
       "      <td>0.0040</td>\n",
       "      <td>0.036</td>\n",
       "      <td>3.530</td>\n",
       "      <td>1.7900</td>\n",
       "      <td>0.000</td>\n",
       "      <td>...</td>\n",
       "      <td>Jupiter</td>\n",
       "      <td>NaN</td>\n",
       "      <td>NaN</td>\n",
       "      <td>NaN</td>\n",
       "      <td>1.655200</td>\n",
       "      <td>297.936060</td>\n",
       "      <td>6.842474e-06</td>\n",
       "      <td>4.700000e-05</td>\n",
       "      <td>0.002820</td>\n",
       "      <td>6.666188e+25</td>\n",
       "    </tr>\n",
       "    <tr>\n",
       "      <th>4</th>\n",
       "      <td>Europa</td>\n",
       "      <td>False</td>\n",
       "      <td>671100</td>\n",
       "      <td>0</td>\n",
       "      <td>0</td>\n",
       "      <td>0.0090</td>\n",
       "      <td>0.466</td>\n",
       "      <td>3.010</td>\n",
       "      <td>1.3100</td>\n",
       "      <td>0.000</td>\n",
       "      <td>...</td>\n",
       "      <td>Jupiter</td>\n",
       "      <td>NaN</td>\n",
       "      <td>NaN</td>\n",
       "      <td>NaN</td>\n",
       "      <td>1.039939</td>\n",
       "      <td>187.188949</td>\n",
       "      <td>5.023997e-06</td>\n",
       "      <td>2.526316e-05</td>\n",
       "      <td>0.004486</td>\n",
       "      <td>1.415487e+25</td>\n",
       "    </tr>\n",
       "  </tbody>\n",
       "</table>\n",
       "<p>5 rows × 31 columns</p>\n",
       "</div>"
      ],
      "text/plain": [
       "    eName  isPlanet  semimajorAxis  perihelion  aphelion  eccentricity  \\\n",
       "0    Moon     False         384400      363300    405500        0.0549   \n",
       "1  Phobos     False           9376        9234      9518        0.0151   \n",
       "2  Deimos     False          23458       23456     23471        0.0002   \n",
       "3      Io     False         421800           0         0        0.0040   \n",
       "4  Europa     False         671100           0         0        0.0090   \n",
       "\n",
       "   inclination  density  gravity    escape  ...   orbits  bondAlbido  \\\n",
       "0        5.145    3.344   1.6200  2380.000  ...    Earth         NaN   \n",
       "1        1.075    1.900   0.0057    11.390  ...     Mars         NaN   \n",
       "2        1.075    1.750   0.0030     5.556  ...     Mars         NaN   \n",
       "3        0.036    3.530   1.7900     0.000  ...  Jupiter         NaN   \n",
       "4        0.466    3.010   1.3100     0.000  ...  Jupiter         NaN   \n",
       "\n",
       "   geomAlbido  RV_abs  p_transit  transit_visibility  transit_depth  \\\n",
       "0         NaN     NaN   1.811589          326.086108   2.245860e-09   \n",
       "1         NaN     NaN  74.272078        13368.973976   2.245860e-09   \n",
       "2         NaN     NaN  29.686035         5343.486231   2.245860e-09   \n",
       "3         NaN     NaN   1.655200          297.936060   6.842474e-06   \n",
       "4         NaN     NaN   1.039939          187.188949   5.023997e-06   \n",
       "\n",
       "          massj  semimajorAxis_AU      grav_int  \n",
       "0  3.868421e-05          0.002570  6.606324e+25  \n",
       "1  5.578947e-12          0.000063  1.601437e+22  \n",
       "2  1.263158e-12          0.000157  5.792534e+20  \n",
       "3  4.700000e-05          0.002820  6.666188e+25  \n",
       "4  2.526316e-05          0.004486  1.415487e+25  \n",
       "\n",
       "[5 rows x 31 columns]"
      ]
     },
     "execution_count": 203,
     "metadata": {},
     "output_type": "execute_result"
    }
   ],
   "source": [
    "data = pd.read_csv('sol_data.csv')\n",
    "data.head()"
   ]
  },
  {
   "cell_type": "markdown",
   "metadata": {},
   "source": [
    "The perihelion and aphelion values for pluto, Uranus and Neptune are incorrect in the dataset\n",
    "\n",
    "https://nssdc.gsfc.nasa.gov/planetary/factsheet/index.html"
   ]
  },
  {
   "cell_type": "code",
   "execution_count": 204,
   "metadata": {},
   "outputs": [],
   "source": [
    "# Correcting the dataset\n",
    "\n",
    "data.iloc[208,3] = 4434987000\n",
    "data.iloc[208,4] = 7304326000\n",
    "data.iloc[199,3] = 2732700000\n",
    "data.iloc[199,4] = 3001400000\n",
    "data.iloc[219,3] = 4452940833\n",
    "data.iloc[219,4] = 4553946490"
   ]
  },
  {
   "cell_type": "markdown",
   "metadata": {},
   "source": [
    "## Planets"
   ]
  },
  {
   "cell_type": "code",
   "execution_count": 205,
   "metadata": {},
   "outputs": [
    {
     "data": {
      "text/html": [
       "<div>\n",
       "<style scoped>\n",
       "    .dataframe tbody tr th:only-of-type {\n",
       "        vertical-align: middle;\n",
       "    }\n",
       "\n",
       "    .dataframe tbody tr th {\n",
       "        vertical-align: top;\n",
       "    }\n",
       "\n",
       "    .dataframe thead th {\n",
       "        text-align: right;\n",
       "    }\n",
       "</style>\n",
       "<table border=\"1\" class=\"dataframe\">\n",
       "  <thead>\n",
       "    <tr style=\"text-align: right;\">\n",
       "      <th></th>\n",
       "      <th>eName</th>\n",
       "      <th>isPlanet</th>\n",
       "      <th>semimajorAxis</th>\n",
       "      <th>perihelion</th>\n",
       "      <th>aphelion</th>\n",
       "      <th>eccentricity</th>\n",
       "      <th>inclination</th>\n",
       "      <th>density</th>\n",
       "      <th>gravity</th>\n",
       "      <th>escape</th>\n",
       "      <th>...</th>\n",
       "      <th>orbits</th>\n",
       "      <th>bondAlbido</th>\n",
       "      <th>geomAlbido</th>\n",
       "      <th>RV_abs</th>\n",
       "      <th>p_transit</th>\n",
       "      <th>transit_visibility</th>\n",
       "      <th>transit_depth</th>\n",
       "      <th>massj</th>\n",
       "      <th>semimajorAxis_AU</th>\n",
       "      <th>grav_int</th>\n",
       "    </tr>\n",
       "  </thead>\n",
       "  <tbody>\n",
       "    <tr>\n",
       "      <th>199</th>\n",
       "      <td>Uranus</td>\n",
       "      <td>True</td>\n",
       "      <td>2870658186</td>\n",
       "      <td>2732700000</td>\n",
       "      <td>3001400000</td>\n",
       "      <td>0.0457</td>\n",
       "      <td>0.772</td>\n",
       "      <td>1.2700</td>\n",
       "      <td>8.87</td>\n",
       "      <td>21380.0</td>\n",
       "      <td>...</td>\n",
       "      <td>NaN</td>\n",
       "      <td>0.300</td>\n",
       "      <td>0.488</td>\n",
       "      <td>0.296744</td>\n",
       "      <td>0.000251</td>\n",
       "      <td>0.045253</td>\n",
       "      <td>0.001327</td>\n",
       "      <td>0.045684</td>\n",
       "      <td>19.189165</td>\n",
       "      <td>1.398930e+21</td>\n",
       "    </tr>\n",
       "    <tr>\n",
       "      <th>219</th>\n",
       "      <td>Neptune</td>\n",
       "      <td>True</td>\n",
       "      <td>4498396441</td>\n",
       "      <td>4452940833</td>\n",
       "      <td>4553946490</td>\n",
       "      <td>0.0113</td>\n",
       "      <td>1.769</td>\n",
       "      <td>1.6380</td>\n",
       "      <td>11.15</td>\n",
       "      <td>23560.0</td>\n",
       "      <td>...</td>\n",
       "      <td>NaN</td>\n",
       "      <td>0.290</td>\n",
       "      <td>0.442</td>\n",
       "      <td>0.278582</td>\n",
       "      <td>0.000160</td>\n",
       "      <td>0.028849</td>\n",
       "      <td>0.001250</td>\n",
       "      <td>0.053684</td>\n",
       "      <td>30.069923</td>\n",
       "      <td>6.694590e+20</td>\n",
       "    </tr>\n",
       "    <tr>\n",
       "      <th>238</th>\n",
       "      <td>Jupiter</td>\n",
       "      <td>True</td>\n",
       "      <td>778340821</td>\n",
       "      <td>740379835</td>\n",
       "      <td>816620000</td>\n",
       "      <td>0.0489</td>\n",
       "      <td>1.304</td>\n",
       "      <td>1.3262</td>\n",
       "      <td>24.79</td>\n",
       "      <td>60200.0</td>\n",
       "      <td>...</td>\n",
       "      <td>NaN</td>\n",
       "      <td>0.503</td>\n",
       "      <td>0.538</td>\n",
       "      <td>12.473518</td>\n",
       "      <td>0.000984</td>\n",
       "      <td>0.177205</td>\n",
       "      <td>0.010080</td>\n",
       "      <td>1.000000</td>\n",
       "      <td>5.202887</td>\n",
       "      <td>4.165367e+23</td>\n",
       "    </tr>\n",
       "    <tr>\n",
       "      <th>239</th>\n",
       "      <td>Mars</td>\n",
       "      <td>True</td>\n",
       "      <td>227943824</td>\n",
       "      <td>206700000</td>\n",
       "      <td>249200000</td>\n",
       "      <td>0.0935</td>\n",
       "      <td>1.850</td>\n",
       "      <td>3.9341</td>\n",
       "      <td>3.71</td>\n",
       "      <td>5030.0</td>\n",
       "      <td>...</td>\n",
       "      <td>NaN</td>\n",
       "      <td>0.250</td>\n",
       "      <td>0.170</td>\n",
       "      <td>0.007785</td>\n",
       "      <td>0.003070</td>\n",
       "      <td>0.552556</td>\n",
       "      <td>0.000024</td>\n",
       "      <td>0.000338</td>\n",
       "      <td>1.523710</td>\n",
       "      <td>1.641038e+21</td>\n",
       "    </tr>\n",
       "    <tr>\n",
       "      <th>240</th>\n",
       "      <td>Mercury</td>\n",
       "      <td>True</td>\n",
       "      <td>57909227</td>\n",
       "      <td>46001200</td>\n",
       "      <td>69816900</td>\n",
       "      <td>0.2056</td>\n",
       "      <td>7.000</td>\n",
       "      <td>5.4291</td>\n",
       "      <td>3.70</td>\n",
       "      <td>4250.0</td>\n",
       "      <td>...</td>\n",
       "      <td>NaN</td>\n",
       "      <td>0.088</td>\n",
       "      <td>0.142</td>\n",
       "      <td>0.007939</td>\n",
       "      <td>0.012067</td>\n",
       "      <td>2.172031</td>\n",
       "      <td>0.000012</td>\n",
       "      <td>0.000174</td>\n",
       "      <td>0.387099</td>\n",
       "      <td>1.306946e+22</td>\n",
       "    </tr>\n",
       "    <tr>\n",
       "      <th>241</th>\n",
       "      <td>Saturn</td>\n",
       "      <td>True</td>\n",
       "      <td>1426666422</td>\n",
       "      <td>1349823615</td>\n",
       "      <td>1503509229</td>\n",
       "      <td>0.0565</td>\n",
       "      <td>2.485</td>\n",
       "      <td>0.6871</td>\n",
       "      <td>10.44</td>\n",
       "      <td>36090.0</td>\n",
       "      <td>...</td>\n",
       "      <td>NaN</td>\n",
       "      <td>0.342</td>\n",
       "      <td>0.499</td>\n",
       "      <td>2.752346</td>\n",
       "      <td>0.000529</td>\n",
       "      <td>0.095203</td>\n",
       "      <td>0.006993</td>\n",
       "      <td>0.298947</td>\n",
       "      <td>9.536676</td>\n",
       "      <td>3.706318e+22</td>\n",
       "    </tr>\n",
       "    <tr>\n",
       "      <th>243</th>\n",
       "      <td>Earth</td>\n",
       "      <td>True</td>\n",
       "      <td>149598262</td>\n",
       "      <td>147095000</td>\n",
       "      <td>152100000</td>\n",
       "      <td>0.0167</td>\n",
       "      <td>0.000</td>\n",
       "      <td>5.5136</td>\n",
       "      <td>9.80</td>\n",
       "      <td>11190.0</td>\n",
       "      <td>...</td>\n",
       "      <td>NaN</td>\n",
       "      <td>0.306</td>\n",
       "      <td>0.367</td>\n",
       "      <td>0.089355</td>\n",
       "      <td>0.004697</td>\n",
       "      <td>0.845520</td>\n",
       "      <td>0.000084</td>\n",
       "      <td>0.003142</td>\n",
       "      <td>1.000003</td>\n",
       "      <td>3.542913e+22</td>\n",
       "    </tr>\n",
       "    <tr>\n",
       "      <th>244</th>\n",
       "      <td>Venus</td>\n",
       "      <td>True</td>\n",
       "      <td>108208475</td>\n",
       "      <td>107477000</td>\n",
       "      <td>108939000</td>\n",
       "      <td>0.0067</td>\n",
       "      <td>3.390</td>\n",
       "      <td>5.2430</td>\n",
       "      <td>8.87</td>\n",
       "      <td>10360.0</td>\n",
       "      <td>...</td>\n",
       "      <td>NaN</td>\n",
       "      <td>0.760</td>\n",
       "      <td>0.689</td>\n",
       "      <td>0.085703</td>\n",
       "      <td>0.006491</td>\n",
       "      <td>1.168401</td>\n",
       "      <td>0.000076</td>\n",
       "      <td>0.002563</td>\n",
       "      <td>0.723329</td>\n",
       "      <td>5.523898e+22</td>\n",
       "    </tr>\n",
       "  </tbody>\n",
       "</table>\n",
       "<p>8 rows × 31 columns</p>\n",
       "</div>"
      ],
      "text/plain": [
       "       eName  isPlanet  semimajorAxis  perihelion    aphelion  eccentricity  \\\n",
       "199   Uranus      True     2870658186  2732700000  3001400000        0.0457   \n",
       "219  Neptune      True     4498396441  4452940833  4553946490        0.0113   \n",
       "238  Jupiter      True      778340821   740379835   816620000        0.0489   \n",
       "239     Mars      True      227943824   206700000   249200000        0.0935   \n",
       "240  Mercury      True       57909227    46001200    69816900        0.2056   \n",
       "241   Saturn      True     1426666422  1349823615  1503509229        0.0565   \n",
       "243    Earth      True      149598262   147095000   152100000        0.0167   \n",
       "244    Venus      True      108208475   107477000   108939000        0.0067   \n",
       "\n",
       "     inclination  density  gravity   escape  ...  orbits  bondAlbido  \\\n",
       "199        0.772   1.2700     8.87  21380.0  ...     NaN       0.300   \n",
       "219        1.769   1.6380    11.15  23560.0  ...     NaN       0.290   \n",
       "238        1.304   1.3262    24.79  60200.0  ...     NaN       0.503   \n",
       "239        1.850   3.9341     3.71   5030.0  ...     NaN       0.250   \n",
       "240        7.000   5.4291     3.70   4250.0  ...     NaN       0.088   \n",
       "241        2.485   0.6871    10.44  36090.0  ...     NaN       0.342   \n",
       "243        0.000   5.5136     9.80  11190.0  ...     NaN       0.306   \n",
       "244        3.390   5.2430     8.87  10360.0  ...     NaN       0.760   \n",
       "\n",
       "     geomAlbido     RV_abs p_transit  transit_visibility  transit_depth  \\\n",
       "199       0.488   0.296744  0.000251            0.045253       0.001327   \n",
       "219       0.442   0.278582  0.000160            0.028849       0.001250   \n",
       "238       0.538  12.473518  0.000984            0.177205       0.010080   \n",
       "239       0.170   0.007785  0.003070            0.552556       0.000024   \n",
       "240       0.142   0.007939  0.012067            2.172031       0.000012   \n",
       "241       0.499   2.752346  0.000529            0.095203       0.006993   \n",
       "243       0.367   0.089355  0.004697            0.845520       0.000084   \n",
       "244       0.689   0.085703  0.006491            1.168401       0.000076   \n",
       "\n",
       "        massj  semimajorAxis_AU      grav_int  \n",
       "199  0.045684         19.189165  1.398930e+21  \n",
       "219  0.053684         30.069923  6.694590e+20  \n",
       "238  1.000000          5.202887  4.165367e+23  \n",
       "239  0.000338          1.523710  1.641038e+21  \n",
       "240  0.000174          0.387099  1.306946e+22  \n",
       "241  0.298947          9.536676  3.706318e+22  \n",
       "243  0.003142          1.000003  3.542913e+22  \n",
       "244  0.002563          0.723329  5.523898e+22  \n",
       "\n",
       "[8 rows x 31 columns]"
      ]
     },
     "execution_count": 205,
     "metadata": {},
     "output_type": "execute_result"
    }
   ],
   "source": [
    "# Don't dwarf planets\n",
    "planets = data[data.eName.isin(['Mercury','Venus','Earth','Mars','Jupiter','Saturn','Uranus','Neptune'])]\n",
    "planets"
   ]
  },
  {
   "cell_type": "markdown",
   "metadata": {},
   "source": [
    "### Mean orbital distance  - Distancia entre el sol y el planeta (media) \n",
    "\n",
    "- Semi-major axis: One half of the major axis of the elliptical orbit; also the mean distance from the Sun.\n",
    "- perihelion: An orbit’s closest point to the Sun.\n",
    "- aphelion: An orbit’s farthest point to the Sun.\n"
   ]
  },
  {
   "cell_type": "code",
   "execution_count": 206,
   "metadata": {},
   "outputs": [
    {
     "data": {
      "text/html": [
       "<div>\n",
       "<style scoped>\n",
       "    .dataframe tbody tr th:only-of-type {\n",
       "        vertical-align: middle;\n",
       "    }\n",
       "\n",
       "    .dataframe tbody tr th {\n",
       "        vertical-align: top;\n",
       "    }\n",
       "\n",
       "    .dataframe thead th {\n",
       "        text-align: right;\n",
       "    }\n",
       "</style>\n",
       "<table border=\"1\" class=\"dataframe\">\n",
       "  <thead>\n",
       "    <tr style=\"text-align: right;\">\n",
       "      <th></th>\n",
       "      <th>eName</th>\n",
       "      <th>isPlanet</th>\n",
       "      <th>semimajorAxis</th>\n",
       "      <th>perihelion</th>\n",
       "      <th>aphelion</th>\n",
       "      <th>eccentricity</th>\n",
       "      <th>inclination</th>\n",
       "      <th>density</th>\n",
       "      <th>gravity</th>\n",
       "      <th>escape</th>\n",
       "      <th>...</th>\n",
       "      <th>orbits</th>\n",
       "      <th>bondAlbido</th>\n",
       "      <th>geomAlbido</th>\n",
       "      <th>RV_abs</th>\n",
       "      <th>p_transit</th>\n",
       "      <th>transit_visibility</th>\n",
       "      <th>transit_depth</th>\n",
       "      <th>massj</th>\n",
       "      <th>semimajorAxis_AU</th>\n",
       "      <th>grav_int</th>\n",
       "    </tr>\n",
       "  </thead>\n",
       "  <tbody>\n",
       "    <tr>\n",
       "      <th>240</th>\n",
       "      <td>Mercury</td>\n",
       "      <td>True</td>\n",
       "      <td>57909227</td>\n",
       "      <td>46001200</td>\n",
       "      <td>69816900</td>\n",
       "      <td>0.2056</td>\n",
       "      <td>7.000</td>\n",
       "      <td>5.4291</td>\n",
       "      <td>3.70</td>\n",
       "      <td>4250.0</td>\n",
       "      <td>...</td>\n",
       "      <td>NaN</td>\n",
       "      <td>0.088</td>\n",
       "      <td>0.142</td>\n",
       "      <td>0.007939</td>\n",
       "      <td>0.012067</td>\n",
       "      <td>2.172031</td>\n",
       "      <td>0.000012</td>\n",
       "      <td>0.000174</td>\n",
       "      <td>0.387099</td>\n",
       "      <td>1.306946e+22</td>\n",
       "    </tr>\n",
       "    <tr>\n",
       "      <th>244</th>\n",
       "      <td>Venus</td>\n",
       "      <td>True</td>\n",
       "      <td>108208475</td>\n",
       "      <td>107477000</td>\n",
       "      <td>108939000</td>\n",
       "      <td>0.0067</td>\n",
       "      <td>3.390</td>\n",
       "      <td>5.2430</td>\n",
       "      <td>8.87</td>\n",
       "      <td>10360.0</td>\n",
       "      <td>...</td>\n",
       "      <td>NaN</td>\n",
       "      <td>0.760</td>\n",
       "      <td>0.689</td>\n",
       "      <td>0.085703</td>\n",
       "      <td>0.006491</td>\n",
       "      <td>1.168401</td>\n",
       "      <td>0.000076</td>\n",
       "      <td>0.002563</td>\n",
       "      <td>0.723329</td>\n",
       "      <td>5.523898e+22</td>\n",
       "    </tr>\n",
       "    <tr>\n",
       "      <th>243</th>\n",
       "      <td>Earth</td>\n",
       "      <td>True</td>\n",
       "      <td>149598262</td>\n",
       "      <td>147095000</td>\n",
       "      <td>152100000</td>\n",
       "      <td>0.0167</td>\n",
       "      <td>0.000</td>\n",
       "      <td>5.5136</td>\n",
       "      <td>9.80</td>\n",
       "      <td>11190.0</td>\n",
       "      <td>...</td>\n",
       "      <td>NaN</td>\n",
       "      <td>0.306</td>\n",
       "      <td>0.367</td>\n",
       "      <td>0.089355</td>\n",
       "      <td>0.004697</td>\n",
       "      <td>0.845520</td>\n",
       "      <td>0.000084</td>\n",
       "      <td>0.003142</td>\n",
       "      <td>1.000003</td>\n",
       "      <td>3.542913e+22</td>\n",
       "    </tr>\n",
       "    <tr>\n",
       "      <th>239</th>\n",
       "      <td>Mars</td>\n",
       "      <td>True</td>\n",
       "      <td>227943824</td>\n",
       "      <td>206700000</td>\n",
       "      <td>249200000</td>\n",
       "      <td>0.0935</td>\n",
       "      <td>1.850</td>\n",
       "      <td>3.9341</td>\n",
       "      <td>3.71</td>\n",
       "      <td>5030.0</td>\n",
       "      <td>...</td>\n",
       "      <td>NaN</td>\n",
       "      <td>0.250</td>\n",
       "      <td>0.170</td>\n",
       "      <td>0.007785</td>\n",
       "      <td>0.003070</td>\n",
       "      <td>0.552556</td>\n",
       "      <td>0.000024</td>\n",
       "      <td>0.000338</td>\n",
       "      <td>1.523710</td>\n",
       "      <td>1.641038e+21</td>\n",
       "    </tr>\n",
       "    <tr>\n",
       "      <th>238</th>\n",
       "      <td>Jupiter</td>\n",
       "      <td>True</td>\n",
       "      <td>778340821</td>\n",
       "      <td>740379835</td>\n",
       "      <td>816620000</td>\n",
       "      <td>0.0489</td>\n",
       "      <td>1.304</td>\n",
       "      <td>1.3262</td>\n",
       "      <td>24.79</td>\n",
       "      <td>60200.0</td>\n",
       "      <td>...</td>\n",
       "      <td>NaN</td>\n",
       "      <td>0.503</td>\n",
       "      <td>0.538</td>\n",
       "      <td>12.473518</td>\n",
       "      <td>0.000984</td>\n",
       "      <td>0.177205</td>\n",
       "      <td>0.010080</td>\n",
       "      <td>1.000000</td>\n",
       "      <td>5.202887</td>\n",
       "      <td>4.165367e+23</td>\n",
       "    </tr>\n",
       "    <tr>\n",
       "      <th>241</th>\n",
       "      <td>Saturn</td>\n",
       "      <td>True</td>\n",
       "      <td>1426666422</td>\n",
       "      <td>1349823615</td>\n",
       "      <td>1503509229</td>\n",
       "      <td>0.0565</td>\n",
       "      <td>2.485</td>\n",
       "      <td>0.6871</td>\n",
       "      <td>10.44</td>\n",
       "      <td>36090.0</td>\n",
       "      <td>...</td>\n",
       "      <td>NaN</td>\n",
       "      <td>0.342</td>\n",
       "      <td>0.499</td>\n",
       "      <td>2.752346</td>\n",
       "      <td>0.000529</td>\n",
       "      <td>0.095203</td>\n",
       "      <td>0.006993</td>\n",
       "      <td>0.298947</td>\n",
       "      <td>9.536676</td>\n",
       "      <td>3.706318e+22</td>\n",
       "    </tr>\n",
       "    <tr>\n",
       "      <th>199</th>\n",
       "      <td>Uranus</td>\n",
       "      <td>True</td>\n",
       "      <td>2870658186</td>\n",
       "      <td>2732700000</td>\n",
       "      <td>3001400000</td>\n",
       "      <td>0.0457</td>\n",
       "      <td>0.772</td>\n",
       "      <td>1.2700</td>\n",
       "      <td>8.87</td>\n",
       "      <td>21380.0</td>\n",
       "      <td>...</td>\n",
       "      <td>NaN</td>\n",
       "      <td>0.300</td>\n",
       "      <td>0.488</td>\n",
       "      <td>0.296744</td>\n",
       "      <td>0.000251</td>\n",
       "      <td>0.045253</td>\n",
       "      <td>0.001327</td>\n",
       "      <td>0.045684</td>\n",
       "      <td>19.189165</td>\n",
       "      <td>1.398930e+21</td>\n",
       "    </tr>\n",
       "    <tr>\n",
       "      <th>219</th>\n",
       "      <td>Neptune</td>\n",
       "      <td>True</td>\n",
       "      <td>4498396441</td>\n",
       "      <td>4452940833</td>\n",
       "      <td>4553946490</td>\n",
       "      <td>0.0113</td>\n",
       "      <td>1.769</td>\n",
       "      <td>1.6380</td>\n",
       "      <td>11.15</td>\n",
       "      <td>23560.0</td>\n",
       "      <td>...</td>\n",
       "      <td>NaN</td>\n",
       "      <td>0.290</td>\n",
       "      <td>0.442</td>\n",
       "      <td>0.278582</td>\n",
       "      <td>0.000160</td>\n",
       "      <td>0.028849</td>\n",
       "      <td>0.001250</td>\n",
       "      <td>0.053684</td>\n",
       "      <td>30.069923</td>\n",
       "      <td>6.694590e+20</td>\n",
       "    </tr>\n",
       "  </tbody>\n",
       "</table>\n",
       "<p>8 rows × 31 columns</p>\n",
       "</div>"
      ],
      "text/plain": [
       "       eName  isPlanet  semimajorAxis  perihelion    aphelion  eccentricity  \\\n",
       "240  Mercury      True       57909227    46001200    69816900        0.2056   \n",
       "244    Venus      True      108208475   107477000   108939000        0.0067   \n",
       "243    Earth      True      149598262   147095000   152100000        0.0167   \n",
       "239     Mars      True      227943824   206700000   249200000        0.0935   \n",
       "238  Jupiter      True      778340821   740379835   816620000        0.0489   \n",
       "241   Saturn      True     1426666422  1349823615  1503509229        0.0565   \n",
       "199   Uranus      True     2870658186  2732700000  3001400000        0.0457   \n",
       "219  Neptune      True     4498396441  4452940833  4553946490        0.0113   \n",
       "\n",
       "     inclination  density  gravity   escape  ...  orbits  bondAlbido  \\\n",
       "240        7.000   5.4291     3.70   4250.0  ...     NaN       0.088   \n",
       "244        3.390   5.2430     8.87  10360.0  ...     NaN       0.760   \n",
       "243        0.000   5.5136     9.80  11190.0  ...     NaN       0.306   \n",
       "239        1.850   3.9341     3.71   5030.0  ...     NaN       0.250   \n",
       "238        1.304   1.3262    24.79  60200.0  ...     NaN       0.503   \n",
       "241        2.485   0.6871    10.44  36090.0  ...     NaN       0.342   \n",
       "199        0.772   1.2700     8.87  21380.0  ...     NaN       0.300   \n",
       "219        1.769   1.6380    11.15  23560.0  ...     NaN       0.290   \n",
       "\n",
       "     geomAlbido     RV_abs p_transit  transit_visibility  transit_depth  \\\n",
       "240       0.142   0.007939  0.012067            2.172031       0.000012   \n",
       "244       0.689   0.085703  0.006491            1.168401       0.000076   \n",
       "243       0.367   0.089355  0.004697            0.845520       0.000084   \n",
       "239       0.170   0.007785  0.003070            0.552556       0.000024   \n",
       "238       0.538  12.473518  0.000984            0.177205       0.010080   \n",
       "241       0.499   2.752346  0.000529            0.095203       0.006993   \n",
       "199       0.488   0.296744  0.000251            0.045253       0.001327   \n",
       "219       0.442   0.278582  0.000160            0.028849       0.001250   \n",
       "\n",
       "        massj  semimajorAxis_AU      grav_int  \n",
       "240  0.000174          0.387099  1.306946e+22  \n",
       "244  0.002563          0.723329  5.523898e+22  \n",
       "243  0.003142          1.000003  3.542913e+22  \n",
       "239  0.000338          1.523710  1.641038e+21  \n",
       "238  1.000000          5.202887  4.165367e+23  \n",
       "241  0.298947          9.536676  3.706318e+22  \n",
       "199  0.045684         19.189165  1.398930e+21  \n",
       "219  0.053684         30.069923  6.694590e+20  \n",
       "\n",
       "[8 rows x 31 columns]"
      ]
     },
     "execution_count": 206,
     "metadata": {},
     "output_type": "execute_result"
    }
   ],
   "source": [
    "planets = planets.sort_values('semimajorAxis',ascending=True)\n",
    "planets"
   ]
  },
  {
   "cell_type": "code",
   "execution_count": 207,
   "metadata": {},
   "outputs": [
    {
     "data": {
